   5.49308998E-43   6.17972623E-42   6.53145214E-41   6.49428971E-40   6.07367316E-39   5.34283155E-38   4.42070564E-37   3.44039553E-36   2.51840252E-35   1.73397149E-34   1.12294562E-33   6.84025306E-33   3.91915341E-32   2.11205725E-31   1.07058007E-30   5.10425753E-30   2.28900099E-29   9.65515866E-29   3.83063831E-28   1.42949589E-27   5.01756481E-27   1.65655059E-26   5.14414409E-26   1.50253005E-25   4.12792300E-25   1.06669426E-24   2.59267656E-24   5.92727483E-24   1.27456438E-23   2.57791445E-23   4.90426053E-23   8.77563518E-23   1.47701053E-22   2.33822866E-22   3.48169175E-22   4.87633674E-22   6.42387383E-22   7.95973679E-22   9.27681138E-22   1.01695182E-21   1.04857714E-21   1.01695182E-21   9.27681138E-22   7.95970599E-22   6.42384960E-22   4.87633674E-22   3.48169175E-22   2.33822866E-22   1.47701053E-22   8.77563518E-23   4.90426053E-23   2.57791445E-23   1.27455957E-23   5.92725235E-24   2.59266670E-24   1.06669426E-24   4.12792300E-25   1.50252438E-25   5.14414409E-26   1.65654427E-26   5.01756481E-27   1.42949589E-27   3.83062386E-28   9.65508464E-29   2.28900099E-29   5.10425753E-30   1.07058007E-30   2.11204126E-31   3.91912344E-32   6.84025306E-33   1.12294562E-33   1.73397149E-34   2.51840252E-35   3.44036934E-36   4.42070564E-37   5.34283155E-38   6.07367316E-39   6.49428971E-40   6.53145214E-41   6.17972623E-42   5.49308998E-43
   6.17972623E-42   6.94399441E-41   7.34058990E-40   7.29879758E-39   6.82608187E-38   6.00470427E-37   4.96834482E-36   3.86659352E-35   2.83038377E-34   1.94877678E-33   1.26205673E-32   7.68762726E-32   4.40466009E-31   2.37370019E-30   1.20320404E-29   5.73657553E-29   2.57256381E-28   1.08512449E-27   4.30517989E-27   1.60658256E-26   5.63914321E-26   1.86176498E-25   5.78140331E-25   1.68866425E-24   4.63929217E-24   1.19883697E-23   2.91385876E-23   6.66154917E-23   1.43245819E-22   2.89726775E-22   5.51180320E-22   9.86276565E-22   1.65998337E-21   2.62788960E-21   3.91300576E-21   5.48041972E-21   7.21966712E-21   8.94579273E-21   1.04260276E-20   1.14293234E-20   1.17847541E-20   1.14293234E-20   1.04260276E-20   8.94575880E-21   7.21963966E-21   5.48041972E-21   3.91300576E-21   2.62788960E-21   1.65998337E-21   9.86276565E-22   5.51180320E-22   2.89726775E-22   1.43245263E-22   6.66152329E-23   2.91384771E-23   1.19883697E-23   4.63929217E-24   1.68865794E-24   5.78140331E-25   1.86175796E-25   5.63914321E-26   1.60658256E-26   4.30516332E-27   1.08511621E-27   2.57256381E-28   5.73657553E-29   1.20320404E-29   2.37368195E-30   4.40462670E-31   7.68762726E-32   1.26205673E-32   1.94877678E-33   2.83038377E-34   3.86656396E-35   4.96834482E-36   6.00470427E-37   6.82608187E-38   7.29879758E-39   7.34058990E-40   6.94399441E-41   6.17972623E-42
   6.53145214E-41   7.34058990E-40   7.75987522E-39   7.71569060E-38   7.21597366E-37   6.34763219E-36   5.25208637E-35   4.08744549E-34   2.99202673E-33   2.06008706E-32   1.33413272E-31   8.12672941E-31   4.65620986E-30   2.50926193E-29   1.27192867E-28   6.06421413E-28   2.71948261E-27   1.14709582E-26   4.55106583E-26   1.69834086E-25   5.96121725E-25   1.96809772E-24   6.11160204E-24   1.78511066E-23   4.90426053E-23   1.26730732E-22   3.08028070E-22   7.04201615E-22   1.51427144E-21   3.06274224E-21   5.82660369E-21   1.04260672E-20   1.75479161E-20   2.77797881E-20   4.13649275E-20   5.79342825E-20   7.63201036E-20   9.45672232E-20   1.10214992E-19   1.20820973E-19   1.24578286E-19   1.20820973E-19   1.10214992E-19   9.45668678E-20   7.63198128E-20   5.79342825E-20   4.13649275E-20   2.77797881E-20   1.75479161E-20   1.04260672E-20   5.82660369E-21   3.06274224E-21   1.51426569E-21   7.04201615E-22   3.08026909E-22   1.26730732E-22   4.90426053E-23   1.78510388E-23   6.11157877E-24   1.96809022E-24   5.96121725E-25   1.69834086E-25   4.55104826E-26   1.14709582E-26   2.71948261E-27   6.06421413E-28   1.27192867E-28   2.50926193E-29   4.65617450E-30   8.12672941E-31   1.33413272E-31   2.06008706E-32   2.99202673E-33   4.08741426E-34   5.25208637E-35   6.34763219E-36   7.21597366E-37   7.71563174E-38   7.75981356E-39   7.34058990E-40   6.53145214E-41
   6.49428971E-40   7.29879758E-39   7.71569060E-38   7.67175888E-37   7.17488705E-36   6.31148975E-35   5.22218233E-34   4.06417254E-33   2.97499047E-32   2.04835721E-31   1.32653635E-30   8.08045725E-30   4.62969846E-29   2.49497459E-28   1.26468655E-27   6.02968529E-27   2.70399825E-26   1.14056443E-25   4.52515267E-25   1.68867076E-24   5.92727483E-24   1.95689175E-23   6.07680381E-23   1.77494650E-22   4.87633674E-22   1.26009142E-21   3.06274224E-21   7.00191990E-21   1.50564950E-20   3.04530355E-20   5.79342825E-20   1.03667031E-19   1.74480011E-19   2.76216131E-19   4.11294027E-19   5.76044132E-19   7.58855546E-19   9.40287739E-19   1.09587441E-18   1.20133043E-18   1.23868953E-18   1.20133043E-18   1.09587441E-18   9.40284223E-19   7.58852651E-19   5.76044132E-19   4.11294027E-19   2.76216131E-19   1.74480011E-19   1.03667031E-19   5.79342825E-20   3.04530355E-20   1.50564368E-20   7.00191990E-21   3.06273053E-21   1.26009142E-21   4.87633674E-22   1.77493981E-22   6.07678046E-23   1.95688433E-23   5.92727483E-24   1.68867076E-24   4.52513542E-25   1.14056443E-25   2.70399825E-26   6.02968529E-27   1.26468655E-27   2.49497459E-28   4.62966295E-29   8.08045725E-30   1.32653635E-30   2.04835721E-31   2.97499047E-32   4.06414131E-33   5.22218233E-34   6.31148975E-35   7.17488705E-36   7.67170059E-37   7.71563174E-38   7.29879758E-39   6.49428971E-40
   6.07367316E-39   6.82608187E-38   7.21597366E-37   7.17488705E-36   6.71019643E-35   5.90271779E-34   4.88396046E-33   3.80095099E-32   2.78231143E-31   1.91569261E-30   1.24062148E-29   7.55711558E-29   4.32984970E-28   2.33339316E-27   1.18277737E-26   5.63916479E-26   2.52887039E-25   1.06669426E-24   4.23207507E-24   1.57930174E-23   5.54338680E-23   1.83015099E-22   5.68323164E-22   1.65998973E-21   4.56051410E-21   1.17847994E-20   2.86437977E-20   6.54843154E-20   1.40813411E-19   2.84807022E-19   5.41820879E-19   9.69528987E-19   1.63179584E-18   2.58326623E-18   3.84656025E-18   5.38735867E-18   7.09707234E-18   8.79388779E-18   1.02489870E-17   1.12352460E-17   1.15846413E-17   1.12352460E-17   1.02489870E-17   8.79385387E-18   7.09704505E-18   5.38735867E-18   3.84656025E-18   2.58326623E-18   1.63179584E-18   9.69528987E-19   5.41820879E-19   2.84807022E-19   1.40812869E-19   6.54843154E-20   2.86436878E-20   1.17847994E-20   4.56051410E-21   1.65998337E-21   5.68320993E-22   1.83014405E-22   5.54338680E-23   1.57930174E-23   4.23205890E-24   1.06669426E-24   2.52887039E-25   5.63916479E-26   1.18277737E-26   2.33337545E-27   4.32981648E-28   7.55711558E-29   1.24062148E-29   1.91569261E-30   2.78231143E-31   3.80092190E-32   4.88396046E-33   5.90271779E-34   6.71019643E-35   7.17483253E-36   7.21591851E-37   6.82608187E-38   6.07367316E-39
   5.34283155E-38   6.00470427E-37   6.34763219E-36   6.31148975E-35   5.90271779E-34   5.19244801E-33   4.29627698E-32   3.34355967E-31   2.44751785E-30   1.68516583E-29   1.09133831E-28   6.64774780E-28   3.80882730E-27   2.05260976E-26   1.04044664E-25   4.96058910E-25   2.22457316E-24   9.38339713E-24   3.72281826E-23   1.38926016E-22   4.87633674E-22   1.60992410E-21   4.99935320E-21   1.46023874E-20   4.01173517E-20   1.03667031E-19   2.51970123E-19   5.76044132E-19   1.23868953E-18   2.50535451E-18   4.76622131E-18   8.52862999E-18   1.43543745E-17   2.27241503E-17   3.38369347E-17   4.73908350E-17   6.24306296E-17   7.73569581E-17   9.01569891E-17   9.88327903E-17   1.01906309E-16   9.88327903E-17   9.01569891E-17   7.73566603E-17   6.24303913E-17   4.73908350E-17   3.38369347E-17   2.27241503E-17   1.43543745E-17   8.52862999E-18   4.76622131E-18   2.50535451E-18   1.23868487E-18   5.76041961E-19   2.51969167E-19   1.03667031E-19   4.01173517E-20   1.46023324E-20   4.99935320E-21   1.60991794E-21   4.87633674E-22   1.38926016E-22   3.72280406E-23   9.38332534E-24   2.22457316E-24   4.96058910E-25   1.04044664E-25   2.05259404E-26   3.80881304E-27   6.64774780E-28   1.09133831E-28   1.68516583E-29   2.44751785E-30   3.34353405E-31   4.29627698E-32   5.19244801E-33   5.90271779E-34   6.31148975E-35   6.34763219E-36   6.00470427E-37   5.34283155E-38
   4.42070564E-37   4.96834482E-36   5.25208637E-35   5.22218233E-34   4.88396046E-33   4.29627698E-32   3.55475017E-31   2.76646934E-30   2.02508223E-29   1.39432092E-28   9.02979477E-28   5.50038389E-27   3.15144508E-26   1.69834086E-25   8.60874735E-25   4.10441923E-24   1.84061728E-23   7.76384597E-23   3.08028070E-22   1.14948166E-21   4.03470834E-21   1.33206024E-20   4.13649275E-20   1.20820973E-19   3.31933233E-19   8.57746849E-19   2.08481485E-18   4.76622131E-18   1.02489870E-17   2.07294439E-17   3.94359846E-17   7.05663612E-17   1.18768908E-16   1.88020893E-16   2.79968688E-16   3.92114421E-16   5.16554520E-16   6.40055788E-16   7.45963970E-16   8.17748054E-16   8.43178524E-16   8.17748054E-16   7.45963970E-16   6.40053353E-16   5.16552561E-16   3.92114421E-16   2.79968688E-16   1.88020893E-16   1.18768908E-16   7.05663612E-17   3.94359846E-17   2.07294439E-17   1.02489481E-17   4.76622131E-18   2.08480699E-18   8.57746849E-19   3.31933233E-19   1.20820508E-19   4.13647692E-20   1.33205515E-20   4.03470834E-21   1.14948166E-21   3.08026909E-22   7.76384597E-23   1.84061728E-23   4.10441923E-24   8.60874735E-25   1.69832792E-25   3.15142105E-26   5.50038389E-27   9.02979477E-28   1.39432092E-28   2.02508223E-29   2.76646934E-30   3.55475017E-31   4.29627698E-32   4.88396046E-33   5.22214238E-34   5.25208637E-35   4.96834482E-36   4.42070564E-37
   3.44039553E-36   3.86659352E-35   4.08744549E-34   4.06417254E-33   3.80095099E-32   3.34355967E-31   2.76646934E-30   2.15300972E-29   1.57602374E-28   1.08512449E-27   7.02742717E-27   4.28066711E-26   2.45260849E-25   1.32173171E-24   6.69972152E-24   3.19425936E-23   1.43246361E-22   6.04222671E-22   2.39722475E-21   8.94582746E-21   3.14000669E-20   1.03667425E-19   3.21922047E-19   9.40287739E-19   2.58326623E-18   6.67540421E-18   1.62250468E-17   3.70930617E-17   7.97626177E-17   1.61326636E-16   3.06910080E-16   5.49181858E-16   9.24317504E-16   1.46327027E-15   2.17885292E-15   3.05162572E-15   4.02007935E-15   4.98122670E-15   5.80545582E-15   6.36411429E-15   6.56202650E-15   6.36411429E-15   5.80545582E-15   4.98120764E-15   4.02006411E-15   3.05162572E-15   2.17885292E-15   1.46327027E-15   9.24317504E-16   5.49181858E-16   3.06910080E-16   1.61326636E-16   7.97623133E-17   3.70929194E-17   1.62249856E-17   6.67540421E-18   2.58326623E-18   9.40284223E-19   3.21922047E-19   1.03667031E-19   3.14000669E-20   8.94582746E-21   2.39721566E-21   6.04218027E-22   1.43246361E-22   3.19425936E-23   6.69972152E-24   1.32172166E-24   2.45259912E-25   4.28066711E-26   7.02742717E-27   1.08512449E-27   1.57601183E-28   2.15300972E-29   2.76646934E-30   3.34355967E-31   3.80095099E-32   4.06411045E-33   4.08741426E-34   3.86659352E-35   3.44039553E-36
   2.51840252E-35   2.83038377E-34   2.99202673E-33   2.97499047E-32   2.78231143E-31   2.44751785E-30   2.02508223E-29   1.57602374E-28   1.15366016E-27   7.94321533E-27   5.14414409E-26   3.13347754E-25   1.79532613E-24   9.67520309E-24   4.90426053E-23   2.33822866E-22   1.04857310E-21   4.42295130E-21   1.75479161E-20   6.54843154E-20   2.29851520E-19   7.58852651E-19   2.35650046E-18   6.88297070E-18   1.89097574E-17   4.88646028E-17   1.18768445E-16   2.71524776E-16   5.83867804E-16   1.18092201E-15   2.24661132E-15   4.02006411E-15   6.76606784E-15   1.07112796E-14   1.59494136E-14   2.23381951E-14   2.94272561E-14   3.64629185E-14   4.24964934E-14   4.65858431E-14   4.80345744E-14   4.65858431E-14   4.24964934E-14   3.64629185E-14   2.94272561E-14   2.23381951E-14   1.59494136E-14   1.07112390E-14   6.76606784E-15   4.02004844E-15   2.24661132E-15   1.18092201E-15   5.83867804E-16   2.71523743E-16   1.18768445E-16   4.88646028E-17   1.89097574E-17   6.88294423E-18   2.35649136E-18   7.58852651E-19   2.29851520E-19   6.54843154E-20   1.75477820E-20   4.42293433E-21   1.04857310E-21   2.33822866E-22   4.90426053E-23   9.67512972E-24   1.79531923E-24   3.13347754E-25   5.14414409E-26   7.94321533E-27   1.15365582E-27   1.57601183E-28   2.02508223E-29   2.44751785E-30   2.78231143E-31   2.97496785E-32   2.99202673E-33   2.83038377E-34   2.51840252E-35
   1.73397149E-34   1.94877678E-33   2.06008706E-32   2.04835721E-31   1.91569261E-30   1.68516583E-29   1.39432092E-28   1.08512449E-27   7.94321533E-27   5.46908637E-26   3.54184791E-25   2.15747955E-24   1.23612800E-23   6.66157441E-23   3.37669601E-22   1.60991794E-21   7.21966712E-21   3.04530355E-20   1.20821438E-19   4.50872836E-19   1.58257446E-18   5.22487476E-18   1.62250468E-17   4.73908350E-17   1.30198030E-16   3.36442731E-16   8.17751177E-16   1.86951056E-15   4.02006411E-15   8.13091998E-15   1.54683751E-14   2.76790648E-14   4.65860193E-14   7.37494782E-14   1.09815375E-13   1.53803307E-13   2.02613412E-13   2.51055578E-13   2.92598140E-13   3.20754220E-13   3.30729096E-13   3.20754220E-13   2.92598140E-13   2.51055578E-13   2.02613412E-13   1.53803307E-13   1.09815375E-13   7.37494782E-14   4.65859312E-14   2.76790106E-14   1.54683751E-14   8.13091998E-15   4.02006411E-15   1.86950336E-15   8.17748054E-16   3.36442731E-16   1.30198030E-16   4.73908350E-17   1.62249856E-17   5.22485491E-18   1.58257446E-18   4.50872836E-19   1.20820508E-19   3.04529192E-20   7.21966712E-21   1.60991794E-21   3.37669601E-22   6.66152329E-23   1.23611853E-23   2.15747955E-24   3.54184791E-25   5.46908637E-26   7.94321533E-27   1.08512449E-27   1.39432092E-28   1.68516583E-29   1.91569261E-30   2.04834169E-31   2.06007134E-32   1.94877678E-33   1.73397149E-34
   1.12294562E-33   1.26205673E-32   1.33413272E-31   1.32653635E-30   1.24062148E-29   1.09133831E-28   9.02979477E-28   7.02742717E-27   5.14414409E-26   3.54184791E-25   2.29375310E-24   1.39721040E-23   8.00531755E-23   4.31413413E-22   2.18679008E-21   1.04260672E-20   4.67556345E-20   1.97218366E-19   7.82454543E-19   2.91991923E-18   1.02489870E-17   3.38370637E-17   1.05075403E-16   3.06910080E-16   8.43178524E-16   2.17885292E-15   5.29585751E-15   1.21071806E-14   2.60345300E-14   5.26570398E-14   1.00175490E-13   1.79253043E-13   3.01697388E-13   4.77611657E-13   7.11179271E-13   9.96051115E-13   1.31215199E-12   1.62587001E-12   1.89490524E-12   2.07724788E-12   2.14184638E-12   2.07724788E-12   1.89490524E-12   1.62587001E-12   1.31215199E-12   9.96051115E-13   7.11179271E-13   4.77611657E-13   3.01696819E-13   1.79253043E-13   1.00175490E-13   5.26570398E-14   2.60344809E-14   1.21071349E-14   5.29583760E-15   2.17885292E-15   8.43178524E-16   3.06908889E-16   1.05075403E-16   3.38369347E-17   1.02489870E-17   2.91991923E-18   7.82451545E-19   1.97216867E-19   4.67556345E-20   1.04260672E-20   2.18679008E-21   4.31410131E-22   8.00528663E-23   1.39721040E-23   2.29375310E-24   3.54184791E-25   5.14412437E-26   7.02740020E-27   9.02979477E-28   1.09133831E-28   1.24062148E-29   1.32653635E-30   1.33413272E-31   1.26205673E-32   1.12294562E-33
   6.84025306E-33   7.68762726E-32   8.12672941E-31   8.08045725E-30   7.55711558E-29   6.64774780E-28   5.50038389E-27   4.28066711E-26   3.13347754E-25   2.15747955E-24   1.39721040E-23   8.51092754E-23   4.87633674E-22   2.62789969E-21   1.33206024E-20   6.35090534E-20   2.84804851E-19   1.20132578E-18   4.76622131E-18   1.77863138E-17   6.24303913E-17   2.06114139E-16   6.40053353E-16   1.86950336E-15   5.13611387E-15   1.32722033E-14   3.22590397E-14   7.37493427E-14   1.58586008E-13   3.20753623E-13   6.10206167E-13   1.09189686E-12   1.83775109E-12   2.90931016E-12   4.33205772E-12   6.06731766E-12   7.99280607E-12   9.90377919E-12   1.15425725E-11   1.26532899E-11   1.30467833E-11   1.26532899E-11   1.15425725E-11   9.90377919E-12   7.99280607E-12   6.06731766E-12   4.33205772E-12   2.90931016E-12   1.83774740E-12   1.09189686E-12   6.10206167E-13   3.20753623E-13   1.58585696E-13   7.37492004E-14   3.22589787E-14   1.32722033E-14   5.13611387E-15   1.86949616E-15   6.40050917E-16   2.06113345E-16   6.24303913E-17   1.77863138E-17   4.76620352E-18   1.20132578E-18   2.84804851E-19   6.35090534E-20   1.33206024E-20   2.62787950E-21   4.87629938E-22   8.51092754E-23   1.39721040E-23   2.15747955E-24   3.13347754E-25   4.28065078E-26   5.50038389E-27   6.64774780E-28   7.55711558E-29   8.08039556E-30   8.12666735E-31   7.68762726E-32   6.84025306E-33
   3.91915341E-32   4.40466009E-31   4.65620986E-30   4.62969846E-29   4.32984970E-28   3.80882730E-27   3.15144508E-26   2.45260849E-25   1.79532613E-24   1.23612800E-23   8.00531755E-23   4.87633674E-22   2.79389723E-21   1.50565515E-20   7.63204008E-20   3.63875149E-19   1.63178964E-18   6.88299676E-18   2.73080692E-17   1.01906699E-16   3.57694946E-16   1.18093101E-15   3.66718595E-15   1.07113203E-14   2.94273679E-14   7.60430943E-14   1.84828173E-13   4.22546872E-13   9.08618558E-13   1.83775803E-12   3.49617666E-12   6.25602391E-12   1.05293951E-11   1.66688937E-11   2.48205258E-11   3.47626997E-11   4.57947846E-11   5.67437070E-11   6.61331753E-11   7.24970292E-11   7.47515522E-11   7.24970292E-11   6.61331753E-11   5.67437070E-11   4.57947846E-11   3.47626997E-11   2.48205258E-11   1.66688937E-11   1.05293751E-11   6.25602391E-12   3.49617666E-12   1.83775803E-12   9.08616877E-13   4.22546086E-13   1.84827820E-13   7.60430943E-14   2.94273679E-14   1.07112796E-14   3.66717197E-15   1.18092656E-15   3.57694946E-16   1.01906699E-16   2.73079650E-17   6.88299676E-18   1.63178964E-18   3.63875149E-19   7.63204008E-20   1.50564368E-20   2.79387603E-21   4.87633674E-22   8.00531755E-23   1.23612800E-23   1.79532613E-24   2.45259912E-25   3.15144508E-26   3.80882730E-27   4.32984970E-28   4.62966295E-29   4.65620986E-30   4.40466009E-31   3.91915341E-32
   2.11205725E-31   2.37370019E-30   2.50926193E-29   2.49497459E-28   2.33339316E-27   2.05260976E-26   1.69834086E-25   1.32173171E-24   9.67520309E-24   6.66157441E-23   4.31413413E-22   2.62789969E-21   1.50565515E-20   8.11410543E-20   4.11295604E-19   1.96095448E-18   8.79388779E-18   3.70932040E-17   1.47165529E-16   5.49183923E-16   1.92764878E-15   6.36413885E-15   1.97627813E-14   5.77242247E-14   1.58586604E-13   4.09802780E-13   9.96054910E-13   2.27714137E-12   4.89662347E-12   9.90383556E-12   1.88411960E-11   3.37142501E-11   5.67438145E-11   8.98301017E-11   1.33759948E-10   1.87339172E-10   2.46792031E-10   3.05796694E-10   3.56397356E-10   3.90692700E-10   4.02842537E-10   3.90692700E-10   3.56397356E-10   3.05796694E-10   2.46792031E-10   1.87339172E-10   1.33759948E-10   8.98301017E-11   5.67437070E-11   3.37142501E-11   1.88411960E-11   9.90383556E-12   4.89661436E-12   2.27713703E-12   9.96053066E-13   4.09802780E-13   1.58586604E-13   5.77240079E-14   1.97627813E-14   6.36411429E-15   1.92764878E-15   5.49183923E-16   1.47164960E-16   3.70929194E-17   8.79388779E-18   1.96095448E-18   4.11295604E-19   8.11404340E-20   1.50564950E-20   2.62789969E-21   4.31413413E-22   6.66157441E-23   9.67516601E-24   1.32172668E-24   1.69834086E-25   2.05260976E-26   2.33339316E-27   2.49497459E-28   2.50926193E-29   2.37370019E-30   2.11205725E-31
   1.07058007E-30   1.20320404E-29   1.27192867E-28   1.26468655E-27   1.18277737E-26   1.04044664E-25   8.60874735E-25   6.69972152E-24   4.90426053E-23   3.37669601E-22   2.18679008E-21   1.33206024E-20   7.63204008E-20   4.11295604E-19   2.08482291E-18   9.93987539E-18   4.45753074E-17   1.88021608E-16   7.45969688E-16   2.78375663E-15   9.77105275E-15   3.22591617E-14   1.00175876E-13   2.92598140E-13   8.03862185E-13   2.07725200E-12   5.04890921E-12   1.15426167E-11   2.48205258E-11   5.02016137E-11   9.55042573E-11   1.70894701E-10   2.87629087E-10   4.55340377E-10   6.78016643E-10   9.49604728E-10   1.25096566E-09   1.55005486E-09   1.80654480E-09   1.98038475E-09   2.04197104E-09   1.98038475E-09   1.80654480E-09   1.55005486E-09   1.25096566E-09   9.49604728E-10   6.78016643E-10   4.55340377E-10   2.87628532E-10   1.70894368E-10   9.55042573E-11   5.02016137E-11   2.48204790E-11   1.15425941E-11   5.04889923E-12   2.07725200E-12   8.03862185E-13   2.92597571E-13   1.00175490E-13   3.22591007E-14   9.77105275E-15   2.78375663E-15   7.45963970E-16   1.88020893E-16   4.45753074E-17   9.93987539E-18   2.08482291E-18   4.11292476E-19   7.63198128E-20   1.33206024E-20   2.18679008E-21   3.37669601E-22   4.90426053E-23   6.69972152E-24   8.60874735E-25   1.04044664E-25   1.18277737E-26   1.26467682E-27   1.27191892E-28   1.20320404E-29   1.07058007E-30
   5.10425753E-30   5.73657553E-29   6.06421413E-28   6.02968529E-27   5.63916479E-26   4.96058910E-25   4.10441923E-24   3.19425936E-23   2.33822866E-22   1.60991794E-21   1.04260672E-20   6.35090534E-20   3.63875149E-19   1.96095448E-18   9.93987539E-18   4.73908350E-17   2.12523902E-16   8.96439956E-16   3.55658293E-15   1.32722541E-14   4.65859312E-14   1.53803606E-13   4.77611657E-13   1.39503459E-12   3.83259873E-12   9.90379740E-12   2.40718868E-11   5.50321975E-11   1.18337826E-10   2.39348263E-10   4.55339488E-10   8.14780021E-10   1.37134082E-09   2.17094476E-09   3.23260729E-09   4.52746862E-09   5.96427929E-09   7.39025907E-09   8.61313687E-09   9.44196010E-09   9.73558745E-09   9.44196010E-09   8.61313687E-09   7.39025907E-09   5.96427929E-09   4.52746862E-09   3.23260729E-09   2.17094476E-09   1.37133815E-09   8.14780021E-10   4.55339488E-10   2.39348263E-10   1.18337604E-10   5.50320935E-11   2.40718417E-11   9.90379740E-12   3.83259873E-12   1.39502927E-12   4.77610735E-13   1.53803009E-13   4.65859312E-14   1.32722541E-14   3.55656937E-15   8.96433073E-16   2.12523902E-16   4.73908350E-17   9.93987539E-18   1.96093938E-18   3.63873753E-19   6.35090534E-20   1.04260672E-20   1.60991794E-21   2.33821957E-22   3.19424706E-23   4.10441923E-24   4.96058910E-25   5.63916479E-26   6.02963945E-27   6.06419102E-28   5.73657553E-29   5.10425753E-30
   2.28900099E-29   2.57256381E-28   2.71948261E-27   2.70399825E-26   2.52887039E-25   2.22457316E-24   1.84061728E-23   1.43246361E-22   1.04857310E-21   7.21966712E-21   4.67556345E-20   2.84804851E-19   1.63178964E-18   8.79388779E-18   4.45753074E-17   2.12523902E-16   9.53058496E-16   4.02006411E-15   1.59494745E-14   5.95192298E-14   2.08913914E-13   6.89728656E-13   2.14184638E-12   6.25600006E-12   1.71872655E-11   4.44134347E-11   1.07950024E-10   2.46791088E-10   5.30684219E-10   1.07335374E-09   2.04196327E-09   3.65387587E-09   6.14975759E-09   9.73556880E-09   1.44965790E-08   2.03033661E-08   2.67467222E-08   3.31415073E-08   3.86254833E-08   4.23423323E-08   4.36590994E-08   4.23423323E-08   3.86254833E-08   3.31415073E-08   2.67467222E-08   2.03033661E-08   1.44965790E-08   9.73556880E-09   6.14974560E-09   3.65386876E-09   2.04196327E-09   1.07335374E-09   5.30683220E-10   2.46790616E-10   1.07949816E-10   4.44134347E-11   1.71872655E-11   6.25598792E-12   2.14183836E-12   6.89727355E-13   2.08913914E-13   5.95192298E-14   1.59493526E-14   4.02004844E-15   9.53058496E-16   2.12523902E-16   4.45753074E-17   8.79382078E-18   1.63178333E-18   2.84804851E-19   4.67556345E-20   7.21966712E-21   1.04856916E-21   1.43245263E-22   1.84061728E-23   2.22457316E-24   2.52887039E-25   2.70397760E-26   2.71948261E-27   2.57256381E-28   2.28900099E-29
   9.65515866E-29   1.08512449E-27   1.14709582E-26   1.14056443E-25   1.06669426E-24   9.38339713E-24   7.76384597E-23   6.04222671E-22   4.42295130E-21   3.04530355E-20   1.97218366E-19   1.20132578E-18   6.88299676E-18   3.70932040E-17   1.88021608E-16   8.96439956E-16   4.02006411E-15   1.69568966E-14   6.72759442E-14   2.51056066E-13   8.81212746E-13   2.90932122E-12   9.03445114E-12   2.63882232E-11   7.24970292E-11   1.87338811E-10   4.55340377E-10   1.04098119E-09   2.23846119E-09   4.52747750E-09   8.61313687E-09   1.54122901E-08   2.59400856E-08   4.10652774E-08   6.11475315E-08   8.56409486E-08   1.12819450E-07   1.39793073E-07   1.62924849E-07   1.78602761E-07   1.84156974E-07   1.78602761E-07   1.62924849E-07   1.39793073E-07   1.12819450E-07   8.56409486E-08   6.11475315E-08   4.10652774E-08   2.59400359E-08   1.54122617E-08   8.61313687E-09   4.52747750E-09   2.23845698E-09   1.04097919E-09   4.55339488E-10   1.87338811E-10   7.24970292E-11   2.63881729E-11   9.03441644E-12   2.90931580E-12   8.81212746E-13   2.51056066E-13   6.72754292E-14   1.69568322E-14   4.02006411E-15   8.96439956E-16   1.88021608E-16   3.70929194E-17   6.88297070E-18   1.20132578E-18   1.97218366E-19   3.04530355E-20   4.42293433E-21   6.04218027E-22   7.76384597E-23   9.38339713E-24   1.06669426E-24   1.14055580E-25   1.14709582E-26   1.08512449E-27   9.65515866E-29
   3.83063831E-28   4.30517989E-27   4.55106583E-26   4.52515267E-25   4.23207507E-24   3.72281826E-23   3.08028070E-22   2.39722475E-21   1.75479161E-20   1.20821438E-19   7.82454543E-19   4.76622131E-18   2.73080692E-17   1.47165529E-16   7.45969688E-16   3.55658293E-15   1.59494745E-14   6.72759442E-14   2.66914610E-13   9.96054910E-13   3.49617666E-12   1.15426384E-11   3.58438244E-11   1.04694427E-10   2.87629087E-10   7.43259287E-10   1.80654480E-09   4.13005941E-09   8.88100615E-09   1.79625861E-08   3.41722775E-08   6.11476523E-08   1.02916253E-07   1.62925161E-07   2.42600407E-07   3.39777387E-07   4.47607107E-07   5.54624023E-07   6.46397893E-07   7.08599373E-07   7.30636202E-07   7.08599373E-07   6.46397893E-07   5.54624023E-07   4.47607107E-07   3.39777387E-07   2.42600407E-07   1.62924849E-07   1.02916253E-07   6.11475315E-08   3.41722775E-08   1.79625861E-08   8.88098928E-09   4.13005141E-09   1.80654136E-09   7.43259287E-10   2.87629087E-10   1.04694031E-10   3.58437550E-11   1.15425941E-11   3.49617666E-12   9.96054910E-13   2.66913092E-13   6.72756867E-14   1.59494745E-14   3.55658293E-15   7.45969688E-16   1.47164404E-16   2.73079650E-17   4.76622131E-18   7.82454543E-19   1.20821438E-19   1.75478499E-20   2.39721566E-21   3.08028070E-22   3.72281826E-23   4.23207507E-24   4.52511816E-25   4.55104826E-26   4.30517989E-27   3.83063831E-28
   1.42949589E-27   1.60658256E-26   1.69834086E-25   1.68867076E-24   1.57930174E-23   1.38926016E-22   1.14948166E-21   8.94582746E-21   6.54843154E-20   4.50872836E-19   2.91991923E-18   1.77863138E-17   1.01906699E-16   5.49183923E-16   2.78375663E-15   1.32722541E-14   5.95192298E-14   2.51056066E-13   9.96054910E-13   3.71702105E-12   1.30468327E-11   4.30741623E-11   1.33759684E-10   3.90692700E-10   1.07335585E-09   2.77365286E-09   6.74156109E-09   1.54122901E-08   3.31416352E-08   6.70317561E-08   1.27522156E-07   2.28187105E-07   3.84056676E-07   6.07993741E-07   9.05321542E-07   1.26796067E-06   1.67035319E-06   2.06971231E-06   2.41218868E-06   2.64430832E-06   2.72654393E-06   2.64430832E-06   2.41218868E-06   2.06971231E-06   1.67035319E-06   1.26796067E-06   9.05321542E-07   6.07993115E-07   3.84056307E-07   2.28186892E-07   1.27522156E-07   6.70317561E-08   3.31415713E-08   1.54122617E-08   6.74154821E-09   2.77365286E-09   1.07335585E-09   3.90691229E-10   1.33759434E-10   4.30739992E-11   1.30468327E-11   3.71702105E-12   9.96051115E-13   2.51055090E-13   5.95192298E-14   1.32722541E-14   2.78375663E-15   5.49179741E-16   1.01906309E-16   1.77863138E-17   2.91991923E-18   4.50872836E-19   6.54840634E-20   8.94579273E-21   1.14948166E-21   1.38926016E-22   1.57930174E-23   1.68865794E-24   1.69833433E-25   1.60658256E-26   1.42949589E-27
   5.01756481E-27   5.63914321E-26   5.96121725E-25   5.92727483E-24   5.54338680E-23   4.87633674E-22   4.03470834E-21   3.14000669E-20   2.29851520E-19   1.58257446E-18   1.02489870E-17   6.24303913E-17   3.57694946E-16   1.92764878E-15   9.77105275E-15   4.65859312E-14   2.08913914E-13   8.81212746E-13   3.49617666E-12   1.30468327E-11   4.57946979E-11   1.51191337E-10   4.69499717E-10   1.37134082E-09   3.76750453E-09   9.73558745E-09   2.36630413E-08   5.40975122E-08   1.16327925E-07   2.35282855E-07   4.47605828E-07   8.00942246E-07   1.34804816E-06   2.13407247E-06   3.17770036E-06   4.45057231E-06   5.86297983E-06   7.26473991E-06   8.46683997E-06   9.28158533E-06   9.57023440E-06   9.28158533E-06   8.46683997E-06   7.26473991E-06   5.86297983E-06   4.45057231E-06   3.17770036E-06   2.13407043E-06   1.34804679E-06   8.00941450E-07   4.47605828E-07   2.35282855E-07   1.16327705E-07   5.40974057E-08   2.36629969E-08   9.73558745E-09   3.76750453E-09   1.37133560E-09   4.69498829E-10   1.51190768E-10   4.57946979E-11   1.30468327E-11   3.49616321E-12   8.81209385E-13   2.08913914E-13   4.65859312E-14   9.77105275E-15   1.92763417E-15   3.57693596E-16   6.24303913E-17   1.02489870E-17   1.58257446E-18   2.29850641E-19   3.13999473E-20   4.03470834E-21   4.87633674E-22   5.54338680E-23   5.92722987E-24   5.96119408E-25   5.63914321E-26   5.01756481E-27
   1.65655059E-26   1.86176498E-25   1.96809772E-24   1.95689175E-23   1.83015099E-22   1.60992410E-21   1.33206024E-20   1.03667425E-19   7.58852651E-19   5.22487476E-18   3.38370637E-17   2.06114139E-16   1.18093101E-15   6.36413885E-15   3.22591617E-14   1.53803606E-13   6.89728656E-13   2.90932122E-12   1.15426384E-11   4.30741623E-11   1.51191337E-10   4.99157771E-10   1.55005486E-09   4.52747750E-09   1.24384290E-08   3.21420757E-08   7.81236054E-08   1.78603102E-07   3.84056307E-07   7.76786408E-07   1.47777075E-06   2.64431083E-06   4.45058095E-06   7.04564081E-06   1.04911778E-05   1.46935654E-05   1.93566284E-05   2.39845394E-05   2.79532724E-05   3.06431575E-05   3.15961297E-05   3.06431575E-05   2.79532724E-05   2.39845394E-05   1.93566284E-05   1.46935654E-05   1.04911778E-05   7.04563399E-06   4.45057685E-06   2.64430582E-06   1.47777075E-06   7.76786408E-07   3.84055568E-07   1.78602420E-07   7.81233069E-08   3.21420757E-08   1.24384290E-08   4.52746862E-09   1.55004887E-09   4.99156827E-10   1.51191337E-10   4.30741623E-11   1.15425725E-11   2.90931016E-12   6.89728656E-13   1.53803606E-13   3.22591617E-14   6.36409015E-15   1.18092201E-15   2.06114139E-16   3.38370637E-17   5.22487476E-18   7.58852651E-19   1.03667031E-19   1.33206024E-20   1.60992410E-21   1.83015099E-22   1.95687676E-23   1.96809022E-24   1.86176498E-25   1.65655059E-26
   5.14414409E-26   5.78140331E-25   6.11160204E-24   6.07680381E-23   5.68323164E-22   4.99935320E-21   4.13649275E-20   3.21922047E-19   2.35650046E-18   1.62250468E-17   1.05075403E-16   6.40053353E-16   3.66718595E-15   1.97627813E-14   1.00175876E-13   4.77611657E-13   2.14184638E-12   9.03445114E-12   3.58438244E-11   1.33759684E-10   4.69499717E-10   1.55005486E-09   4.81344831E-09   1.40593590E-08   3.86255579E-08   9.98118992E-08   2.42600180E-07   5.54623455E-07   1.19262563E-06   2.41218618E-06   4.58898148E-06   8.21148569E-06   1.38205696E-05   2.18791138E-05   3.25786823E-05   4.56285270E-05   6.01089232E-05   7.44801655E-05   8.68044299E-05   9.51574330E-05   9.81167468E-05   9.51574330E-05   8.68044299E-05   7.44801655E-05   6.01089232E-05   4.56285270E-05   3.25786823E-05   2.18790938E-05   1.38205569E-05   8.21147023E-06   4.58898148E-06   2.41218618E-06   1.19262336E-06   5.54621920E-07   2.42599498E-07   9.98118992E-08   3.86255579E-08   1.40593057E-08   4.81343898E-09   1.55004887E-09   4.69499717E-10   1.33759684E-10   3.58436197E-11   9.03441644E-12   2.14184638E-12   4.77611657E-13   1.00175876E-13   1.97626305E-14   3.66717197E-15   6.40053353E-16   1.05075403E-16   1.62250468E-17   2.35649136E-18   3.21920832E-19   4.13649275E-20   4.99935320E-21   5.68323164E-22   6.07675711E-23   6.11157877E-24   5.78140331E-25   5.14414409E-26
   1.50253005E-25   1.68866425E-24   1.78511066E-23   1.77494650E-22   1.65998973E-21   1.46023874E-20   1.20820973E-19   9.40287739E-19   6.88297070E-18   4.73908350E-17   3.06910080E-16   1.86950336E-15   1.07113203E-14   5.77242247E-14   2.92598140E-13   1.39503459E-12   6.25600006E-12   2.63882232E-11   1.04694427E-10   3.90692700E-10   1.37134082E-09   4.52747750E-09   1.40593590E-08   4.10652774E-08   1.12819450E-07   2.91535855E-07   7.08598691E-07   1.61997195E-06   3.48348044E-06   7.04563399E-06   1.34037255E-05   2.39845176E-05   4.03678096E-05   6.39056088E-05   9.51574330E-05   1.33274065E-04   1.75569134E-04   2.17545385E-04   2.53542705E-04   2.77940591E-04   2.86584283E-04   2.77940591E-04   2.53542705E-04   2.17545385E-04   1.75569134E-04   1.33274065E-04   9.51574330E-05   6.39055434E-05   4.03677695E-05   2.39844721E-05   1.34037255E-05   7.04563399E-06   3.48347362E-06   1.61996729E-06   7.08596644E-07   2.91535855E-07   1.12819450E-07   4.10651992E-08   1.40593057E-08   4.52746862E-09   1.37134082E-09   3.90692700E-10   1.04693830E-10   2.63881226E-11   6.25600006E-12   1.39503459E-12   2.92598140E-13   5.77237842E-14   1.07112390E-14   1.86950336E-15   3.06910080E-16   4.73908350E-17   6.88297070E-18   9.40284223E-19   1.20820973E-19   1.46023874E-20   1.65998973E-21   1.77493300E-22   1.78510388E-23   1.68866425E-24   1.50253005E-25
   4.12792300E-25   4.63929217E-24   4.90426053E-23   4.87633674E-22   4.56051410E-21   4.01173517E-20   3.31933233E-19   2.58326623E-18   1.89097574E-17   1.30198030E-16   8.43178524E-16   5.13611387E-15   2.94273679E-14   1.58586604E-13   8.03862185E-13   3.83259873E-12   1.71872655E-11   7.24970292E-11   2.87629087E-10   1.07335585E-09   3.76750453E-09   1.24384290E-08   3.86255579E-08   1.12819450E-07   3.09951133E-07   8.00942246E-07   1.94674726E-06   4.45058095E-06   9.57023440E-06   1.93566102E-05   3.68243200E-05   6.58931385E-05   1.10903282E-04   1.75569134E-04   2.61427922E-04   3.66146502E-04   4.82344592E-04   5.97666716E-04   6.96563220E-04   7.63592019E-04   7.87338708E-04   7.63592019E-04   6.96562929E-04   5.97666716E-04   4.82344592E-04   3.66146502E-04   2.61427922E-04   1.75568974E-04   1.10903180E-04   6.58930148E-05   3.68243200E-05   1.93566102E-05   9.57021621E-06   4.45056821E-06   1.94674180E-06   8.00942246E-07   3.09951133E-07   1.12819023E-07   3.86254833E-08   1.24383810E-08   3.76750453E-09   1.07335585E-09   2.87627422E-10   7.24967517E-11   1.71872655E-11   3.83259873E-12   8.03862185E-13   1.58585398E-13   2.94272561E-14   5.13611387E-15   8.43178524E-16   1.30198030E-16   1.89096863E-17   2.58325652E-18   3.31933233E-19   4.01173517E-20   4.56051410E-21   4.87629938E-22   4.90424191E-23   4.63929217E-24   4.12792300E-25
   1.06669426E-24   1.19883697E-23   1.26730732E-22   1.26009142E-21   1.17847994E-20   1.03667031E-19   8.57746849E-19   6.67540421E-18   4.88646028E-17   3.36442731E-16   2.17885292E-15   1.32722033E-14   7.60430943E-14   4.09802780E-13   2.07725200E-12   9.90379740E-12   4.44134347E-11   1.87338811E-10   7.43259287E-10   2.77365286E-09   9.73558745E-09   3.21420757E-08   9.98118992E-08   2.91535855E-07   8.00942246E-07   2.06970844E-06   5.03057390E-06   1.15006997E-05   2.47303906E-05   5.00192618E-05   9.51574330E-05   1.70273939E-04   2.86584283E-04   4.53686807E-04   6.75553805E-04   9.46156273E-04   1.24642276E-03   1.54442654E-03   1.79998355E-03   1.97319221E-03   2.03455565E-03   1.97319221E-03   1.79998262E-03   1.54442585E-03   1.24642218E-03   9.46156273E-04   6.75553805E-04   4.53686371E-04   2.86584022E-04   1.70273779E-04   9.51574330E-05   5.00192618E-05   2.47303433E-05   1.15006778E-05   5.03056435E-06   2.06970844E-06   8.00942246E-07   2.91535002E-07   9.98117073E-08   3.21419513E-08   9.73558745E-09   2.77365286E-09   7.43256456E-10   1.87338103E-10   4.44134347E-11   9.90379740E-12   2.07725200E-12   4.09799663E-13   7.60426607E-14   1.32722033E-14   2.17885292E-15   3.36442731E-16   4.88644142E-17   6.67537898E-18   8.57746849E-19   1.03667031E-19   1.17847994E-20   1.26008183E-21   1.26730239E-22   1.19883697E-23   1.06669426E-24
   2.59267656E-24   2.91385876E-23   3.08028070E-22   3.06274224E-21   2.86437977E-20   2.51970123E-19   2.08481485E-18   1.62250468E-17   1.18768445E-16   8.17751177E-16   5.29585751E-15   3.22590397E-14   1.84828173E-13   9.96054910E-13   5.04890921E-12   2.40718868E-11   1.07950024E-10   4.55340377E-10   1.80654480E-09   6.74156109E-09   2.36630413E-08   7.81236054E-08   2.42600180E-07   7.08598691E-07   1.94674726E-06   5.03057390E-06   1.22271695E-05   2.79532724E-05   6.01089814E-05   1.21575387E-04   2.31286947E-04   4.13862959E-04   6.96563569E-04   1.10271876E-03   1.64198165E-03   2.29970040E-03   3.02951969E-03   3.75383906E-03   4.37498838E-03   4.79598437E-03   4.94513288E-03   4.79598437E-03   4.37498651E-03   3.75383743E-03   3.02951806E-03   2.29970040E-03   1.64198165E-03   1.10271771E-03   6.96562929E-04   4.13862581E-04   2.31286947E-04   1.21575387E-04   6.01088650E-05   2.79532196E-05   1.22271458E-05   5.03057390E-06   1.94674726E-06   7.08596644E-07   2.42599498E-07   7.81233069E-08   2.36630413E-08   6.74156109E-09   1.80653792E-09   4.55338628E-10   1.07950024E-10   2.40718868E-11   5.04890921E-12   9.96047320E-13   1.84827116E-13   3.22590397E-14   5.29585751E-15   8.17751177E-16   1.18768445E-16   1.62249856E-17   2.08481485E-18   2.51970123E-19   2.86437977E-20   3.06271881E-21   3.08026909E-22   2.91385876E-23   2.59267656E-24
   5.92727483E-24   6.66154917E-23   7.04201615E-22   7.00191990E-21   6.54843154E-20   5.76044132E-19   4.76622131E-18   3.70930617E-17   2.71524776E-16   1.86951056E-15   1.21071806E-14   7.37493427E-14   4.22546872E-13   2.27714137E-12   1.15426167E-11   5.50321975E-11   2.46791088E-10   1.04098119E-09   4.13005941E-09   1.54122901E-08   5.40975122E-08   1.78603102E-07   5.54623455E-07   1.61997195E-06   4.45058095E-06   1.15006997E-05   2.79532724E-05   6.39057253E-05   1.37418785E-04   2.77941115E-04   5.28759090E-04   9.46157612E-04   1.59245764E-03   2.52099312E-03   3.75383743E-03   5.25748683E-03   6.92597125E-03   8.58188327E-03   1.00019304E-02   1.09643955E-02   1.13053732E-02   1.09643955E-02   1.00019258E-02   8.58187862E-03   6.92596799E-03   5.25748683E-03   3.75383743E-03   2.52099079E-03   1.59245543E-03   9.46156273E-04   5.28759090E-04   2.77941115E-04   1.37418523E-04   6.39055434E-05   2.79532196E-05   1.15006997E-05   4.45058095E-06   1.61996570E-06   5.54621352E-07   1.78602420E-07   5.40975122E-08   1.54122901E-08   4.13003542E-09   1.04097719E-09   2.46791088E-10   5.50321975E-11   1.15426167E-11   2.27712402E-12   4.22544459E-13   7.37493427E-14   1.21071806E-14   1.86951056E-15   2.71523743E-16   3.70929194E-17   4.76622131E-18   5.76044132E-19   6.54843154E-20   7.00186659E-21   7.04198939E-22   6.66154917E-23   5.92727483E-24
   1.27456438E-23   1.43245819E-22   1.51427144E-21   1.50564950E-20   1.40813411E-19   1.23868953E-18   1.02489870E-17   7.97626177E-17   5.83867804E-16   4.02006411E-15   2.60345300E-14   1.58586008E-13   9.08618558E-13   4.89662347E-12   2.48205258E-11   1.18337826E-10   5.30684219E-10   2.23846119E-09   8.88100615E-09   3.31416352E-08   1.16327925E-07   3.84056307E-07   1.19262563E-06   3.48348044E-06   9.57023440E-06   2.47303906E-05   6.01089814E-05   1.37418785E-04   2.95496517E-04   5.97666716E-04   1.13701017E-03   2.03455659E-03   3.42431874E-03   5.42098191E-03   8.07201117E-03   1.13053620E-02   1.48931649E-02   1.84539314E-02   2.15075109E-02   2.35771313E-02   2.43103486E-02   2.35771313E-02   2.15074997E-02   1.84539221E-02   1.48931574E-02   1.13053620E-02   8.07201117E-03   5.42097678E-03   3.42431385E-03   2.03455379E-03   1.13701017E-03   5.97666716E-04   2.95495964E-04   1.37418523E-04   6.01088104E-05   2.47303906E-05   9.57023440E-06   3.48347362E-06   1.19262336E-06   3.84055568E-07   1.16327925E-07   3.31416352E-08   8.88095553E-09   2.23845276E-09   5.30684219E-10   1.18337826E-10   2.48205258E-11   4.89658617E-12   9.08613408E-13   1.58586008E-13   2.60345300E-14   4.02006411E-15   5.83867804E-16   7.97623133E-17   1.02489870E-17   1.23868953E-18   1.40813411E-19   1.50563803E-20   1.51426569E-21   1.43245819E-22   1.27456438E-23
